MEME version 4.11.2

ALPHABET= ACDEFGHIKLMNPQRSTVWY

Background letter frequencies (from unknown source):
A 0.076 C 0.026 D 0.054 E 0.075 F 0.036 G 0.070 H 0.022 I 0.050 K 0.067
L 0.092 M 0.025 N 0.037 P 0.052 Q 0.044 R 0.050 S 0.066 T 0.050 V 0.067
W 0.010 Y 0.028

MOTIF 1

log-odds matrix: alength= 20 w= 10 E= 1.4e+047
   -71     44     14    -61     58     62     79   -130    104   -200     55     71    -46      3     64     58    -92    -76   -380   -333
    97    142   -268    -61   -405      7     79   -393      2    -68   -318    -51     77      3     29     30     28     14   -380     41
   -26    -52   -108    -18   -405    -83   -229    -42    185    -30    -34     22   -382      3     93     30    -20     44   -380   -333
  -394    519   -542   -416   -468   -556   -468   -327   -566   -357   -408   -472   -561   -527   -297   -465   -383   -482   -504   -522
     8   -477   -108    -61   -405   -164   -229    -42    121    -30    -34    107     47      3    155    -49     28     14   -380   -333
   127   -477    -34     42   -405      7   -229   -393     84   -200   -318    107   -133    136    -18     -4     28    -76     91   -333
   -77    452   -497   -455   -290   -177   -363    -73   -419    -44   -219    -84    -48   -109    -37   -148   -100    -40   -325   -318
    36   -477   -268    -61   -405     37    132    -42    136    -30    -34    107    -46    -65     29    -49    -20    -24   -380     41
   -75    440   -366    -81    -75    -85   -297    -91   -136   -168    -19     12   -138   -287    -30   -135   -263   -121   -343    -44
  -264   -477    -34     65     58    -31    171   -393     62    -68     55     23      7     50    -89   -115    137    -24   -380     41


letter-probability matrix: alength= 20 w= 10 nsites= 50 E= 1.4e+047
0.040000 0.040000 0.060000 0.040000 0.060000 0.120000 0.040000 0.020000 0.140000 0.020000 0.040000 0.060000 0.040000 0.040000 0.080000 0.100000 0.020000 0.040000 0.000000 0.000000
0.160000 0.080000 0.000000 0.040000 0.000000 0.080000 0.040000 0.000000 0.060000 0.060000 0.000000 0.020000 0.100000 0.040000 0.060000 0.080000 0.060000 0.080000 0.000000 0.040000
0.060000 0.020000 0.020000 0.060000 0.000000 0.040000 0.000000 0.040000 0.260000 0.080000 0.020000 0.040000 0.000000 0.040000 0.100000 0.080000 0.040000 0.100000 0.000000 0.000000
0.000000 0.880000 0.000000 0.020000 0.000000 0.000000 0.000000 0.020000 0.000000 0.040000 0.000000 0.000000 0.000000 0.000000 0.040000 0.000000 0.000000 0.000000 0.000000 0.000000
0.080000 0.000000 0.020000 0.040000 0.000000 0.020000 0.000000 0.040000 0.160000 0.080000 0.020000 0.080000 0.080000 0.040000 0.160000 0.040000 0.060000 0.080000 0.000000 0.000000
0.200000 0.000000 0.040000 0.100000 0.000000 0.080000 0.000000 0.000000 0.120000 0.020000 0.000000 0.080000 0.020000 0.120000 0.040000 0.060000 0.060000 0.040000 0.020000 0.000000
0.040000 0.660000 0.000000 0.000000 0.000000 0.020000 0.000000 0.020000 0.000000 0.060000 0.000000 0.020000 0.040000 0.020000 0.040000 0.020000 0.020000 0.040000 0.000000 0.000000
0.100000 0.000000 0.000000 0.040000 0.000000 0.100000 0.060000 0.040000 0.180000 0.080000 0.020000 0.080000 0.040000 0.020000 0.060000 0.040000 0.040000 0.060000 0.000000 0.040000
0.040000 0.620000 0.000000 0.040000 0.020000 0.040000 0.000000 0.020000 0.020000 0.020000 0.020000 0.040000 0.020000 0.000000 0.040000 0.020000 0.000000 0.020000 0.000000 0.020000
0.000000 0.000000 0.040000 0.120000 0.060000 0.060000 0.080000 0.000000 0.100000 0.060000 0.040000 0.040000 0.060000 0.060000 0.020000 0.020000 0.140000 0.060000 0.000000 0.040000